1 15
15 210
1 2 7241
2 1 7241
1 3 2084
3 1 2084
1 4 4404
4 1 4404
1 5 2234
5 1 2234
1 6 2541
6 1 2541
1 7 2925
7 1 2925
1 8 6536
8 1 6536
1 9 6641
9 1 6641
1 10 295
10 1 295
1 11 1222
11 1 1222
1 12 6790
12 1 6790
1 13 5485
13 1 5485
1 14 9881
14 1 9881
1 15 5691
15 1 5691
2 3 2004
3 2 2004
2 4 639
4 2 639
2 5 1157
5 2 1157
2 6 1756
6 2 1756
2 7 9325
7 2 9325
2 8 9100
8 2 9100
2 9 6411
9 2 6411
2 10 34
10 2 34
2 11 6205
11 2 6205
2 12 9284
12 2 9284
2 13 5549
13 2 5549
2 14 8094
14 2 8094
2 15 915
15 2 915
3 4 15
4 3 15
3 5 4870
5 3 4870
3 6 3458
6 3 3458
3 7 2031
7 3 2031
3 8 1348
8 3 1348
3 9 6705
9 3 6705
3 10 567
10 3 567
3 11 8404
11 3 8404
3 12 3875
12 3 3875
3 13 8387
13 3 8387
3 14 5868
14 3 5868
3 15 515
15 3 515
4 5 5800
5 4 5800
4 6 6465
6 4 6465
4 7 668
7 4 668
4 8 4410
8 4 4410
4 9 1139
9 4 1139
4 10 3945
10 4 3945
4 11 7113
11 4 7113
4 12 6113
12 4 6113
4 13 6581
13 4 6581
4 14 561
14 4 561
4 15 887
15 4 887
5 6 4347
6 5 4347
5 7 4423
7 5 4423
5 8 8819
8 5 8819
5 9 878
9 5 878
5 10 11
10 5 11
5 11 6104
11 5 6104
5 12 2589
12 5 2589
5 13 118
13 5 118
5 14 9064
14 5 9064
5 15 7357
15 5 7357
6 7 4541
7 6 4541
6 8 741
8 6 741
6 9 3895
9 6 3895
6 10 9383
10 6 9383
6 11 1174
11 6 1174
6 12 6286
12 6 6286
6 13 7241
13 6 7241
6 14 5096
14 6 5096
6 15 3957
15 6 3957
7 8 478
8 7 478
7 9 7371
9 7 7371
7 10 2187
10 7 2187
7 11 1220
11 7 1220
7 12 9731
12 7 9731
7 13 4240
13 7 4240
7 14 2325
14 7 2325
7 15 8290
15 7 8290
8 9 4637
9 8 4637
8 10 4178
10 8 4178
8 11 5877
11 8 5877
8 12 8381
12 8 8381
8 13 8267
13 8 8267
8 14 1861
14 8 1861
8 15 5847
15 8 5847
9 10 8646
10 9 8646
9 11 6029
11 9 6029
9 12 5283
12 9 5283
9 13 5652
13 9 5652
9 14 6612
14 9 6612
9 15 9257
15 9 9257
10 11 9533
11 10 9533
10 12 705
12 10 705
10 13 5464
13 10 5464
10 14 4538
14 10 4538
10 15 908
15 10 908
11 12 239
12 11 239
11 13 1403
13 11 1403
11 14 8094
14 11 8094
11 15 5527
15 11 5527
12 13 6015
13 12 6015
12 14 6723
14 12 6723
12 15 6008
15 12 6008
13 14 3589
14 13 3589
13 15 8179
15 13 8179
14 15 7253
15 14 7253
