1:  2 6
2:  1 3 7
3:  2 4 8
4:  3 5 9
5:  4 10
6:  1 7 11
7:  2 6 8 12
8:  3 7 9 13
9:  4 8 10 14
10:  5 9 15
11:  6 12 16
12:  7 11 13 17
13:  8 12 14 18
14:  9 13 15 19
15:  10 14 20
16:  11 17 21
17:  12 16 18 22
18:  13 17 19 23
19:  14 18 20 24
20:  15 19 25
21:  16 22
22:  17 21 23
23:  18 22 24
24:  19 23 25
25:  20 24
  1:  3988 1994 8903 14907 15766 6533 9344 14590 15798 16241 6891 10641 15402 19636 22795 10600 12825 13160 20023 26182 18557 15541 16280 23950 31763
  2:  1994 3988 6909 12913 13772 8527 7350 12596 13804 14247 8885 12635 13408 17642 20801 12594 14819 15154 22017 24188 20551 17535 18274 25944 33757
  3:  8903 6909 11374 6004 6863 15436 14259 5687 6895 7338 15794 15040 6499 10733 13892 14074 11849 11514 15393 17279 20153 14565 15304 21146 26854
  4:  14907 12913 6004 1718 859 18381 15385 6381 5173 4866 18477 15734 7193 11427 11420 14768 12543 12208 16087 14807 20847 15259 15998 21840 24382
  5:  15766 13772 6863 859 1718 17658 14662 5658 4450 4007 17754 15011 6470 10704 10561 14045 11820 11485 15364 13948 20124 14536 15275 21117 23523
  6:  6533 8527 15436 18381 17658 716 2996 12000 13208 13651 358 4108 11642 15876 20205 4067 6292 6627 13490 19783 12024 9008 9747 17417 25230
  7:  9344 7350 14259 15385 14662 2996 5992 9004 10212 10655 3354 6976 9816 14050 17209 7063 9288 9623 16486 20596 15020 12004 12743 20413 28226
  8:  14590 12596 5687 6381 5658 12000 9004 1624 1208 1651 12096 9353 812 5046 8205 8387 6162 5827 9706 11592 14466 8878 9617 15459 21167
  9:  15798 13804 6895 5173 4450 13208 10212 1208 886 443 13304 10561 2020 6254 6997 9595 7370 7035 10914 10384 15674 10086 10825 16667 19959
 10:  16241 14247 7338 4866 4007 13651 10655 1651 443 886 13747 11004 2463 6697 6554 10038 7813 7478 11357 9941 16117 10529 11268 17110 19516
 11:  6891 8885 15794 18477 17754 358 3354 12096 13304 13747 716 3750 11284 15518 19878 3709 5934 6269 13132 19425 11666 8650 9389 17059 24872
 12:  10641 12635 15040 15734 15011 4108 6976 9353 10561 11004 3750 7500 8541 12775 17135 7459 5610 5945 12808 19101 13914 8326 9065 16735 24548
 13:  15402 13408 6499 7193 6470 11642 9816 812 2020 2463 11284 8541 1624 4234 8594 7575 5350 5015 8894 11981 13654 8066 8805 14647 21556
 14:  19636 17642 10733 11427 10704 15876 14050 5046 6254 6697 15518 12775 4234 8468 4360 11809 9584 9249 4660 7747 17888 12300 13039 10413 17322
 15:  22795 20801 13892 11420 10561 20205 17209 8205 6997 6554 19878 17135 8594 4360 6774 16169 13944 13609 9020 3387 22248 16660 17399 14773 12962
 16:  10600 12594 14074 14768 14045 4067 7063 8387 9595 10038 3709 7459 7575 11809 16169 4450 2225 2560 9423 15716 7957 4941 5680 13350 21163
 17:  12825 14819 11849 12543 11820 6292 9288 6162 7370 7813 5934 5610 5350 9584 13944 2225 670 335 7198 13491 8304 2716 3455 11125 18938
 18:  13160 15154 11514 12208 11485 6627 9623 5827 7035 7478 6269 5945 5015 9249 13609 2560 335 670 6863 13156 8639 3051 3790 11460 19273
 19:  20023 22017 15393 16087 15364 13490 16486 9706 10914 11357 13132 12808 8894 4660 9020 9423 7198 6863 9320 6293 15502 9914 10653 5753 13566
 20:  26182 24188 17279 14807 13948 19783 20596 11592 10384 9941 19425 19101 11981 7747 3387 15716 13491 13156 6293 6774 21795 16207 16946 12046 9575
 21:  18557 20551 20153 20847 20124 12024 15020 14466 15674 16117 11666 13914 13654 17888 22248 7957 8304 8639 15502 21795 11176 5588 6327 13997 21810
 22:  15541 17535 14565 15259 14536 9008 12004 8878 10086 10529 8650 8326 8066 12300 16660 4941 2716 3051 9914 16207 5588 1478 739 8409 16222
 23:  16280 18274 15304 15998 15275 9747 12743 9617 10825 11268 9389 9065 8805 13039 17399 5680 3455 3790 10653 16946 6327 739 1478 7670 15483
 24:  23950 25944 21146 21840 21117 17417 20413 15459 16667 17110 17059 16735 14647 10413 14773 13350 11125 11460 5753 12046 13997 8409 7670 11506 7813
 25:  31763 33757 26854 24382 23523 25230 28226 21167 19959 19516 24872 24548 21556 17322 12962 21163 18938 19273 13566 9575 21810 16222 15483 7813 15626
